5
1
2
2 16 17 4 0 -1
2 17 17 2 0 2
haar_y4
5.534239e-003 0 -1
-7.777781e-001 8.750035e-001 
1
2
10 15 18 4 0 -1
10 17 18 2 0 2
haar_y2
1.551015e-002 0 -1
-5.354337e-001 9.134029e-001 
1
2
27 17 4 2 0 -1
29 17 2 2 0 2
haar_x2
-8.984649e-005 0 -1
-9.478323e-001 4.989003e-001 
1
2
11 1 16 6 0 -1
11 3 16 2 0 3
haar_y3
1.637470e-002 0 -1
-5.090899e-001 9.234598e-001 
1
2
14 10 14 8 0 -1
14 12 14 4 0 2
haar_y4
-8.437039e-003 0 -1
7.165224e-001 -6.577083e-001 
-6.068791e-001

-1
-1
