5
1
3
26 1 6 8 0 -1
26 1 3 4 0 2
29 5 3 4 0 2
haar_x2_y2
5.622804e-003 0 -1
-5.786037e-001 6.536497e-001 
1
2
32 1 16 1 0 -1
36 1 8 1 0 2
haar_x4
-7.070003e-004 0 -1
-1.000000e+000 3.286821e-001 
1
2
0 4 12 6 0 -1
4 6 4 2 0 9
haar_point
-3.587487e-002 0 -1
7.544535e-001 -4.647510e-001 
1
2
0 3 60 1 0 -1
20 3 20 1 0 3
haar_x3
1.047443e-004 0 -1
-7.764455e-001 4.461722e-001 
1
2
64 15 4 1 0 -1
65 16 2 1 0 2
tilted_haar_x4
2.071714e-003 0 -1
-4.786443e-001 7.086338e-001 
-7.824843e-001

9
-1
