5
1
2
42 3 1 4 0 -1
42 3 1 2 0 2
tilted_haar_y2
2.604906e-003 0 -1
-5.840979e-001 7.609581e-001 
1
2
4 8 7 12 0 -1
4 14 7 6 0 2
haar_y2
1.037233e-002 0 -1
-7.196090e-001 5.009169e-001 
1
2
39 15 12 2 0 -1
43 15 4 2 0 3
haar_x3
-6.549374e-003 0 -1
8.153397e-001 -4.599902e-001 
1
2
26 15 36 5 0 -1
44 15 18 5 0 2
haar_x2
8.758022e-003 0 -1
4.112766e-001 -9.353797e-001 
1
2
28 18 15 1 0 -1
33 18 5 1 0 3
haar_x3
2.929489e-004 0 -1
3.403150e-001 -9.686573e-001 
-1.012105e+000

6
-1
